disp_penalty,edit_direction_cosine,edit_direction_mse,effective_objective_scale,elapsed_seconds,fold_penalty,foldover_fraction_det_below_0,grad_norm,initial_objective_grad_norm,initial_regularizer_grad_norm,iter,jacobian_det_mean,jacobian_det_min,loss,low_det_fraction_below_0p2,max_disp_px,mean_disp_px,normalized_visual_mse,objective,objective_gradient_probe_multiplier,p95_disp_px,scaled_objective,smooth_penalty,unet_prediction_mse,vae_conditioning_mse,visual_mse
0.0006353504140861332,0.9960598945617676,8.272818377008662e-07,25247.646611301596,2.9901399221271276,0.0,0.0,0.020230697467923164,1.6189712285995482e-06,0.010900056920945644,1,1.0,0.9849604964256287,-0.01992473565042019,0.0,0.4119751453399658,0.09608148038387299,0.00010471776477061212,8.272818377008662e-07,1000000.0,0.30947476625442505,0.020886918529868126,0.00034652877366170287,6.17969999439083e-05,0.41937461495399475,2.321672218386084e-05
0.0031307770404964685,0.995015561580658,1.0762049669210683e-06,25247.646611301596,4.442851904779673,0.0,0.0,0.016533205285668373,1.6189712285995482e-06,0.010900056920945644,2,1.0,0.9851676225662231,-0.022262653335928917,0.0,0.9688538908958435,0.20054170489311218,0.0006044313777238131,1.0762049669210683e-06,1000000.0,0.7887371182441711,0.02717164345085621,0.0006565607036463916,0.00014563309377990663,0.9595365524291992,0.00013400701573118567
0.003042489755898714,0.9947585463523865,1.136767195930588e-06,25247.646611301596,6.100050242617726,0.0,0.0,0.011532673612236977,1.6189712285995482e-06,0.010900056920945644,3,1.0,0.9834157824516296,-0.02428736910223961,0.0,0.9827507138252258,0.19909843802452087,0.0005318621406331658,1.136767195930588e-06,1000000.0,0.7340377569198608,0.0287006963044405,0.0006682350649498403,0.00016551255248486996,1.124178409576416,0.0001179178652819246
0.0022839403245598078,0.9950518608093262,1.0593847719064797e-06,25247.646611301596,7.560445072129369,0.0,0.0,0.010316005907952785,1.6189712285995482e-06,0.010900056920945644,4,1.0,0.9864659905433655,-0.02335493080317974,0.0,0.9994526505470276,0.16916510462760925,0.0004039416671730578,1.0593847719064797e-06,1000000.0,0.6434206962585449,0.026746971532702446,0.000621360435616225,0.00014396484766621143,0.9922682642936707,8.955693192547187e-05
0.002097494900226593,0.9950527548789978,1.0641906555974856e-06,25247.646611301596,9.250530196353793,0.0,0.0,0.018979176878929138,1.6189712285995482e-06,0.010900056920945644,5,1.0,0.9865722060203552,-0.023311404511332512,0.0,1.0886420011520386,0.16033455729484558,0.00043180835200473666,1.0641906555974856e-06,1000000.0,0.6254783272743225,0.026868309825658798,0.0006633757147938013,0.0001365086791338399,0.9150090217590332,9.573518764227629e-05
0.0021561430767178535,0.9949712157249451,1.0875190810111235e-06,25247.646611301596,10.89826356805861,0.0,0.0,0.032903872430324554,1.6189712285995482e-06,0.010900056920945644,6,1.0,0.9809387922286987,-0.023555602878332138,0.0,1.114007592201233,0.16708213090896606,0.00047914093011058867,1.0875190810111235e-06,1000000.0,0.6302785873413086,0.02745729684829712,0.0007089769933372736,0.0001443978544557467,0.9765061140060425,0.0001062291776179336
0.002882905537262559,0.9945260882377625,1.1962197277171072e-06,25247.646611301596,12.408706923946738,0.0,0.0,0.014514408074319363,1.6189712285995482e-06,0.010900056920945644,7,1.0,0.9787026643753052,-0.025344381108880043,0.0,1.0914539098739624,0.19611623883247375,0.0005942034185864031,1.1962197277171072e-06,1000000.0,0.7121279835700989,0.030201733112335205,0.0008214699919335544,0.00018119311425834894,1.1953091621398926,0.0001317394053330645
0.003948081284761429,0.9944071173667908,1.2188460232209763e-06,25247.646611301596,13.98928047157824,0.0,0.0,0.015430444851517677,1.6189712285995482e-06,0.010900056920945644,8,1.0,0.9745176434516907,-0.024964772164821625,0.0,1.2376154661178589,0.22295555472373962,0.0006981955375522375,1.2188460232209763e-06,1000000.0,0.8816466331481934,0.030772993341088295,0.0009368699975311756,0.00019489640544634312,1.3041622638702393,0.0001547952415421605
0.004764823243021965,0.9943045973777771,1.2408080465320381e-06,25247.646611301596,15.500414591282606,0.0,0.0,0.022220861166715622,1.6189712285995482e-06,0.010900056920945644,9,1.0,0.9734435677528381,-0.025106418877840042,0.0,1.4554712772369385,0.23747117817401886,0.000731609296053648,1.2408080465320381e-06,1000000.0,0.9835531115531921,0.03132748231291771,0.0010049999691545963,0.00019887233793269843,1.3170021772384644,0.0001622033305466175
0.004869577009230852,0.9941381812095642,1.2860868991992902e-06,25247.646611301596,17.0095140542835,0.0,0.0,0.034410666674375534,1.6189712285995482e-06,0.010900056920945644,10,1.0,0.971722424030304,-0.026455381885170937,0.0,1.5027492046356201,0.2351672351360321,0.0006961743929423392,1.2860868991992902e-06,1000000.0,1.007064938545227,0.032470665872097015,0.001027386635541916,0.00020428901189006865,1.3599216938018799,0.0001543471444165334
0.005803899839520454,0.9942900538444519,1.2434378504622146e-06,25247.646611301596,18.424840150400996,0.0,0.0,0.03092087246477604,1.6189712285995482e-06,0.010900056920945644,11,1.0,0.9693065881729126,-0.025045599788427353,0.0,1.6906052827835083,0.2507922649383545,0.0007141868700273335,1.2434378504622146e-06,1000000.0,1.0976125001907349,0.031393878161907196,0.0010931952856481075,0.000197973262402229,1.314802885055542,0.00015834064106456935
0.0058776503428816795,0.9944347739219666,1.201890199808986e-06,25247.646611301596,19.76605025678873,0.0,0.0,0.028949685394763947,1.6189712285995482e-06,0.010900056920945644,12,1.0,0.9679473042488098,-0.02409561723470688,0.0,1.7521946430206299,0.24978217482566833,0.0006977012380957603,1.201890199808986e-06,1000000.0,1.1022911071777344,0.030344899743795395,0.0010829557431861758,0.00018731743330135942,1.2521381378173828,0.00015468565106857568
0.005688620265573263,0.994271457195282,1.2345516324785422e-06,25247.646611301596,20.88463387452066,0.0,0.0,0.03341686353087425,1.6189712285995482e-06,0.010900056920945644,13,1.0,0.9639399647712708,-0.02511914260685444,0.0,1.7735713720321655,0.24362581968307495,0.0006749021704308689,1.2345516324785422e-06,1000000.0,1.081516981124878,0.031169522553682327,0.001059320056810975,0.00019810782396234572,1.3043575286865234,0.00014963092689868063
0.005357668269425631,0.9941545724868774,1.275431941394345e-06,25247.646611301596,22.31100539676845,0.0,0.0,0.02060317061841488,1.6189712285995482e-06,0.010900056920945644,14,1.0,0.9633824229240417,-0.026268597692251205,0.0,1.7612650394439697,0.2347017377614975,0.0006684927502647042,1.275431941394345e-06,1000000.0,1.061435580253601,0.032201655209064484,0.0010380636667832732,0.00020668147772084922,1.3498375415802002,0.00014820991782471538
0.005166337825357914,0.9940729141235352,1.2839391274610534e-06,25247.646611301596,23.658018484711647,0.0,0.0,0.015427904203534126,1.6189712285995482e-06,0.010900056920945644,15,1.0,0.9653252363204956,-0.02649090439081192,0.0,1.7604995965957642,0.22908525168895721,0.0006741255638189614,1.2839391274610534e-06,1000000.0,1.0357723236083984,0.032416440546512604,0.0010212643537670374,0.00020688632503151894,1.367313027381897,0.0001494587486376986
0.005060696043074131,0.9940513968467712,1.3004365655433503e-06,25247.646611301596,25.151189183816314,0.0,0.0,0.018762066960334778,1.6189712285995482e-06,0.010900056920945644,16,1.0,0.9607545733451843,-0.02687903866171837,0.0,1.7801445722579956,0.22467802464962006,0.0006818531546741724,1.3004365655433503e-06,1000000.0,0.9990845322608948,0.03283296152949333,0.0010165589628741145,0.00020685237541329116,1.371671438217163,0.00015117201837711036
0.0048170448280870914,0.9941496253013611,1.2747495929943398e-06,25247.646611301596,26.61124057136476,0.0,0.0,0.016185682266950607,1.6189712285995482e-06,0.010900056920945644,17,1.0,0.9591732025146484,-0.02637604810297489,0.0,1.8147292137145996,0.21989139914512634,0.0006674400065094233,1.2747495929943398e-06,1000000.0,0.9419697523117065,0.0321844257414341,0.0010141830425709486,0.00020672884420491755,1.371317744255066,0.00014797650510445237
0.0047193183563649654,0.9942048192024231,1.2636224937523366e-06,25247.646611301596,27.85157877020538,0.0,0.0,0.01336781308054924,1.6189712285995482e-06,0.010900056920945644,18,1.0,0.9601173996925354,-0.026234187185764313,0.0,1.8787658214569092,0.22063812613487244,0.000648623623419553,1.2636224937523366e-06,1000000.0,0.9167686104774475,0.03190349414944649,0.001028248923830688,0.00020624867465812713,1.3669260740280151,0.0001438047765986994
0.004671106114983559,0.99410480260849,1.2926155932291294e-06,25247.646611301596,29.22168350033462,0.0,0.0,0.019878024235367775,1.6189712285995482e-06,0.010900056920945644,19,1.0,0.9622499346733093,-0.027189645916223526,0.0,1.9533296823501587,0.22072096168994904,0.0006161718629300594,1.2926155932291294e-06,1000000.0,0.8896877765655518,0.03263550251722336,0.0010333372047170997,0.00021277704217936844,1.403649091720581,0.00013660997501574457
0.004731320310384035,0.9942293167114258,1.2560279856188572e-06,25247.646611301596,30.510557614266872,0.0,0.0,0.0239222664386034,1.6189712285995482e-06,0.010900056920945644,20,1.0,0.9647476673126221,-0.026522275060415268,0.0,2.036491870880127,0.22149492800235748,0.000574993493501097,1.2560279856188572e-06,1000000.0,0.879183292388916,0.031711749732494354,0.0010469940025359392,0.00020339610637165606,1.37224280834198,0.00012748042354360223
0.004932706709951162,0.9942668080329895,1.2500306638685288e-06,25247.646611301596,31.796389600262046,0.0,0.0,0.0601365752518177,1.6189712285995482e-06,0.010900056920945644,21,1.0,0.9614913463592529,-0.026471804827451706,0.0,2.1635782718658447,0.22408530116081238,0.0005517800454981625,1.2500306638685288e-06,1000000.0,0.8913742303848267,0.03156033158302307,0.0010799242882058024,0.00019627332221716642,1.3451024293899536,0.00012233381858095527
0.005731812212616205,0.9941114783287048,1.2907161135444767e-06,25247.646611301596,33.03353429213166,0.0,0.0,0.026955967769026756,1.6189712285995482e-06,0.010900056920945644,22,1.0,0.95036780834198,-0.02716401219367981,0.0,2.352325677871704,0.23694518208503723,0.0005746601964347064,1.2907161135444767e-06,1000000.0,0.973472535610199,0.03258754312992096,0.0011374321766197681,0.00020568839681800455,1.3715965747833252,0.00012740652891807258
0.007256472483277321,0.9937360882759094,1.3859065575161367e-06,25247.646611301596,34.324352676048875,0.0,0.0,0.024770479649305344,1.6189712285995482e-06,0.010900056920945644,23,1.0,0.9386373162269592,-0.028689658269286156,0.0,2.610501289367676,0.26194506883621216,0.0006554461433552206,1.3859065575161367e-06,1000000.0,1.1373355388641357,0.03499088063836098,0.0012260160874575377,0.00021913267846684903,1.4045374393463135,0.00014531737542711198
0.00858297012746334,0.9936859011650085,1.3908043001720216e-06,25247.646611301596,35.567768512293696,0.0,0.0,0.023185767233371735,1.6189712285995482e-06,0.010900056920945644,24,1.0,0.9295362830162048,-0.028166143223643303,0.0,2.820128917694092,0.280745267868042,0.0007092548767104745,1.3908043001720216e-06,1000000.0,1.2868280410766602,0.035114534199237823,0.0012859555426985025,0.00022909736435394734,1.4769304990768433,0.0001572471810504794
0.009472928009927273,0.9936311841011047,1.400051928612811e-06,25247.646611301596,36.96039549820125,0.0,0.0,0.020159443840384483,1.6189712285995482e-06,0.010900056920945644,25,1.0,0.9234538674354553,-0.02813616394996643,0.0,2.9673240184783936,0.29029911756515503,0.0007205737638287246,1.400051928612811e-06,1000000.0,1.3857731819152832,0.035348016768693924,0.0013114189496263862,0.00023921414685901254,1.5319974422454834,0.0001597566733835265
0.010135618969798088,0.9936128854751587,1.4025836208020337e-06,25247.646611301596,38.27999067120254,0.0,0.0,0.023431669920682907,1.6189712285995482e-06,0.010900056920945644,26,1.0,0.9204811453819275,-0.028080647811293602,0.0,3.087576150894165,0.29572468996047974,0.000717919145245105,1.4025836208020337e-06,1000000.0,1.4519468545913696,0.035411935299634933,0.0013227991294115782,0.00024545477936044335,1.5539284944534302,0.0001591681211721152
0.010024677962064743,0.9937297701835632,1.3767966038358281e-06,25247.646611301596,39.77231124415994,0.0,0.0,0.036191318184137344,1.6189712285995482e-06,0.010900056920945644,27,1.0,0.9210977554321289,-0.027714576572179794,0.0,3.1488232612609863,0.28927379846572876,0.0006800019764341414,1.3767966038358281e-06,1000000.0,1.433278203010559,0.03476087376475334,0.0012962821638211608,0.00023746269289404154,1.5080549716949463,0.0001507615961600095
0.009792168624699116,0.9936695098876953,1.3900305475544883e-06,25247.646611301596,41.18276499025524,0.0,0.0,0.022746048867702484,1.6189712285995482e-06,0.010900056920945644,28,0.9999999403953552,0.921788215637207,-0.028255391865968704,0.0,3.1754953861236572,0.28911757469177246,0.0006557714659720659,1.3900305475544883e-06,1000000.0,1.382331132888794,0.03509499877691269,0.0012987225782126188,0.00023390325077343732,1.4793497323989868,0.000145389509270899
0.009424797259271145,0.9936318397521973,1.3992161029818817e-06,25247.646611301596,42.52440141700208,0.0,0.0,0.010673328302800655,1.6189712285995482e-06,0.010900056920945644,29,1.0,0.9240430593490601,-0.02862994745373726,0.0,3.1681253910064697,0.287014365196228,0.0006447816267609596,1.3992161029818817e-06,1000000.0,1.314553141593933,0.03532691299915314,0.0013085412792861462,0.00023784204677212983,1.5100685358047485,0.00014295298024080694
0.008990473113954067,0.9936544299125671,1.4029981230123667e-06,25247.646611301596,43.94340101443231,0.0,0.0,0.03807980567216873,1.6189712285995482e-06,0.010900056920945644,30,1.0,0.9274406433105469,-0.02885548770427704,0.0,3.141247510910034,0.28398096561431885,0.000637807825114578,1.4029981230123667e-06,1000000.0,1.2349683046340942,0.03542239964008331,0.0013165315613150597,0.00023901798704173416,1.530304193496704,0.00014140682469587773
0.008675849996507168,0.9935060739517212,1.4407705748453736e-06,25247.646611301596,45.54822141677141,0.0,0.0,0.026547111570835114,1.6189712285995482e-06,0.010900056920945644,31,1.0,0.9323166608810425,-0.029745707288384438,0.0,3.1180131435394287,0.2842133045196533,0.0006553601124323905,1.4407705748453736e-06,1000000.0,1.1721363067626953,0.036376066505908966,0.0013405997306108475,0.00024432066129520535,1.5777170658111572,0.00014529831241816282
0.008842078037559986,0.9934459924697876,1.4586901215807302e-06,25247.646611301596,46.979000428691506,0.0,0.0,0.01653328910470009,1.6189712285995482e-06,0.010900056920945644,32,0.9999999403953552,0.9364935755729675,-0.02984592877328396,0.0,3.1282427310943604,0.29231566190719604,0.0007009715191088617,1.4586901215807302e-06,1000000.0,1.1737213134765625,0.03682849183678627,0.0013795653358101845,0.00024766227579675615,1.583014726638794,0.00015541070024482906
0.009194441139698029,0.9933639764785767,1.4752772585779894e-06,25247.646611301596,48.43271697126329,0.0,0.0,0.017014166340231895,1.6189712285995482e-06,0.010900056920945644,33,1.0,0.9397670030593872,-0.02985021099448204,0.0,3.156294822692871,0.30136173963546753,0.0007505748071707785,1.4752772585779894e-06,1000000.0,1.2035518884658813,0.03724727779626846,0.001414838945493102,0.00024895532988011837,1.5639660358428955,0.00016640812100376934
0.009483106434345245,0.9933958053588867,1.459252530366939e-06,25247.646611301596,50.10966904461384,0.0,0.0,0.028421854600310326,1.6189712285995482e-06,0.010900056920945644,34,1.0,0.941673219203949,-0.02908306196331978,0.0,3.1713199615478516,0.3080565333366394,0.000795222818851471,1.459252530366939e-06,1000000.0,1.228277325630188,0.03684269264340401,0.0014345012605190277,0.000253608770435676,1.5819330215454102,0.00017630693037062883
0.00938542652875185,0.9934860467910767,1.4298979067461914e-06,25247.646611301596,51.42358629964292,0.0,0.0,0.015192266553640366,1.6189712285995482e-06,0.010900056920945644,35,1.0,0.9458262920379639,-0.028214365243911743,0.0,3.1250264644622803,0.30845391750335693,0.0008182201418094337,1.4298979067461914e-06,1000000.0,1.2177215814590454,0.036101557314395905,0.0014198468998074532,0.00025192846078425646,1.5678069591522217,0.00018140561587642878
0.009057149291038513,0.9935342669487,1.4192685284797335e-06,25247.646611301596,52.83897233568132,0.0,0.0,0.017285866662859917,1.6189712285995482e-06,0.010900056920945644,36,1.0,0.9487158060073853,-0.028061971068382263,0.0,3.073550224304199,0.3042526841163635,0.0008121681166812778,1.4192685284797335e-06,1000000.0,1.1904512643814087,0.03583319112658501,0.0013946888502687216,0.0002454887144267559,1.5480806827545166,0.00018006382742896676
0.008917436003684998,0.9936079382896423,1.3959661373519339e-06,25247.646611301596,54.27748529613018,0.0,0.0,0.015431848354637623,1.6189712285995482e-06,0.010900056920945644,37,1.0,0.9510887861251831,-0.027642548084259033,0.0,3.070263624191284,0.29963672161102295,0.0007923329831101,1.3959661373519339e-06,1000000.0,1.188924789428711,0.035244859755039215,0.0013720968272536993,0.00024350914463866502,1.5447062253952026,0.00017566622409503907
0.008592261001467705,0.9936805963516235,1.376780346618034e-06,25247.646611301596,55.611608646810055,0.0,0.0,0.016203785315155983,1.6189712285995482e-06,0.010900056920945644,38,1.0,0.9515557289123535,-0.027581224218010902,0.0,3.0755321979522705,0.2900834083557129,0.0007402760093100369,1.376780346618034e-06,1000000.0,1.1681416034698486,0.03476046398282051,0.001342609990388155,0.00023844286624807864,1.5340497493743896,0.00016412480908911675
0.008121038787066936,0.993636429309845,1.3923354345024563e-06,25247.646611301596,57.03582417592406,0.0,0.0,0.010557962581515312,1.6189712285995482e-06,0.010900056920945644,39,1.0,0.950667142868042,-0.028559133410453796,0.0,3.0784993171691895,0.2768212556838989,0.000668709515593946,1.3923354345024563e-06,1000000.0,1.1222014427185059,0.03515319153666496,0.0013052772264927626,0.00022643418924417347,1.488997459411621,0.00014825796824879944
0.007716249208897352,0.993830680847168,1.3561947298512678e-06,25247.646611301596,58.49080353230238,0.0,0.0,0.016515906900167465,1.6189712285995482e-06,0.010900056920945644,40,1.0,0.9487661719322205,-0.028159650042653084,0.0,3.095442295074463,0.26410356163978577,0.0006056420970708132,1.3561947298512678e-06,1000000.0,1.0735533237457275,0.0342407263815403,0.0012739078374579549,0.00021013023797422647,1.3824684619903564,0.00013427544035948813
0.007630320265889168,0.9938854575157166,1.3419304423223366e-06,25247.646611301596,59.84109339118004,0.0,0.0,0.016935894265770912,1.6189712285995482e-06,0.010900056920945644,41,1.0,0.9460058212280273,-0.028079833835363388,0.0,3.145200252532959,0.2557951509952545,0.0005676915752701461,1.3419304423223366e-06,1000000.0,1.0587174892425537,0.03388058394193649,0.0012471029767766595,0.0002051798946922645,1.3502116203308105,0.00012586152297444642
0.007757463492453098,0.99386066198349,1.3454384770739125e-06,25247.646611301596,61.351962111890316,0.0,0.0,0.011101104319095612,1.6189712285995482e-06,0.010900056920945644,42,1.0,0.9428382515907288,-0.02820858545601368,0.0,3.1985814571380615,0.25244006514549255,0.0005587870837189257,1.3454384770739125e-06,1000000.0,1.075276494026184,0.03396915644407272,0.0012311458121985197,0.00020726656657643616,1.3392493724822998,0.00012388733739499003
0.008008502423763275,0.9937630891799927,1.3678399000127683e-06,25247.646611301596,62.865521024912596,0.0,0.0,0.013723766431212425,1.6189712285995482e-06,0.010900056920945644,43,1.0,0.9403527975082397,-0.028645815327763557,0.0,3.252002477645874,0.25375375151634216,0.0005705422372557223,1.3678399000127683e-06,1000000.0,1.104267954826355,0.03453473746776581,0.0012310391757637262,0.0002151275984942913,1.3682104349136353,0.00012649354175664485
0.008579405024647713,0.9935914874076843,1.4161017816149979e-06,25247.646611301596,64.1537600569427,0.0,0.0,0.01673942804336548,1.6189712285995482e-06,0.010900056920945644,44,1.0,0.9376983046531677,-0.0295481588691473,0.0,3.3331806659698486,0.261449933052063,0.0005994716193526983,1.4161017816149979e-06,1000000.0,1.1677228212356567,0.03575323894619942,0.001254942500963807,0.00022879397147335112,1.4507033824920654,0.00013290740025695413
0.009068158455193043,0.993687629699707,1.3830635907652322e-06,25247.646611301596,65.52208858169615,0.0,0.0,0.01476052775979042,1.6189712285995482e-06,0.010900056920945644,45,1.0,0.9355608224868774,-0.02856084518134594,0.0,3.4258499145507812,0.26542526483535767,0.0006070008384995162,1.3830635907652322e-06,1000000.0,1.2208243608474731,0.03491910174489021,0.0012683115201070905,0.00023609479831065983,1.4784035682678223,0.00013457669410854578
0.009354530833661556,0.9936220049858093,1.3961335980638978e-06,25247.646611301596,66.9418015088886,0.0,0.0,0.01022294070571661,1.6189712285995482e-06,0.010900056920945644,46,1.0,0.9353660941123962,-0.028770986944437027,0.0,3.4815328121185303,0.2670915722846985,0.0006163290236145258,1.3961335980638978e-06,1000000.0,1.2510583400726318,0.03524908795952797,0.0012696273624897003,0.00024022642173804343,1.4954273700714111,0.00013664481230080128
0.009564556181430817,0.9935966730117798,1.4034600326340296e-06,25247.646611301596,68.37861388735473,0.0,0.0,0.008059915155172348,1.6189712285995482e-06,0.010900056920945644,47,1.0,0.9363400936126709,-0.028852442279458046,0.0,3.5210554599761963,0.2678728699684143,0.0006259682704694569,1.4034600326340296e-06,1000000.0,1.2726821899414062,0.0354340635240078,0.0012631318531930447,0.00024266315449494869,1.5123742818832397,0.00013878190657123923
0.009628609754145145,0.9935752749443054,1.4114747273197281e-06,25247.646611301596,69.80614885687828,0.0,0.0,0.012776381336152554,1.6189712285995482e-06,0.010900056920945644,48,1.0,0.9373325705528259,-0.029036153107881546,0.0,3.542668104171753,0.26685845851898193,0.0006275295163504779,1.4114747273197281e-06,1000000.0,1.2798969745635986,0.03563641384243965,0.0012517445720732212,0.00024236664467025548,1.5114494562149048,0.0001391280529787764
0.009451580233871937,0.9936308264732361,1.3924454833613709e-06,25247.646611301596,71.25199458003044,0.0,0.0,0.016708191484212875,1.6189712285995482e-06,0.010900056920945644,49,1.0,0.938278079032898,-0.028635570779442787,0.0,3.5417253971099854,0.26363664865493774,0.000621619401499629,1.3924454833613709e-06,1000000.0,1.2601312398910522,0.035155970603227615,0.0012388798641040921,0.0002396798663539812,1.4813803434371948,0.00013781774032395333
0.009668893180787563,0.9936184883117676,1.395478875565459e-06,25247.646611301596,72.56707714684308,0.0,0.0,0.018531259149312973,1.6189712285995482e-06,0.010900056920945644,50,1.0,0.939504861831665,-0.02864324487745762,0.0,3.554137945175171,0.26544851064682007,0.0006259048823267221,1.395478875565459e-06,1000000.0,1.2946710586547852,0.035232558846473694,0.0012312496546655893,0.00024138929438777268,1.4996097087860107,0.00013876786397304386
0.00945455115288496,0.9935808181762695,1.4017980447533773e-06,25247.646611301596,73.73074536025524,0.0,0.0,0.008442647755146027,1.6189712285995482e-06,0.010900056920945644,51,1.0,0.9408648610115051,-0.02897365763783455,0.0,3.530240297317505,0.2613636255264282,0.0006077684811316431,1.4017980447533773e-06,1000000.0,1.2796911001205444,0.03539210185408592,0.001212818780913949,0.00024073633539956063,1.4901447296142578,0.00013474687875714153
0.00941065140068531,0.9936322569847107,1.3892982906327234e-06,25247.646611301596,75.04822583124042,0.0,0.0,0.021879110485315323,1.6189712285995482e-06,0.010900056920945644,52,1.0,0.9425117373466492,-0.028762511909008026,0.0,3.5207104682922363,0.2587617337703705,0.0005942948628216982,1.3892982906327234e-06,1000000.0,1.2864782810211182,0.03507651388645172,0.0011977053945884109,0.00023983912251424044,1.4834628105163574,0.0001317596761509776
0.009529098868370056,0.9935361742973328,1.4125640745987766e-06,25247.646611301596,76.39587147720158,0.0,0.0,0.007211145479232073,1.6189712285995482e-06,0.010900056920945644,53,0.9999999403953552,0.9445498585700989,-0.029229164123535156,0.0,3.517024278640747,0.2593435049057007,0.0006092678522691131,1.4125640745987766e-06,1000000.0,1.3097103834152222,0.035663917660713196,0.0011913886992260814,0.0002478154201526195,1.5371869802474976,0.00013507930270861834
0.009630571119487286,0.9934766888618469,1.4262926697483636e-06,25247.646611301596,77.82177793420851,0.0,0.0,0.0067774392664432526,1.6189712285995482e-06,0.010900056920945644,54,0.9999999403953552,0.9462526440620422,-0.02947845496237278,0.0,3.520601987838745,0.25971901416778564,0.0006213277229107916,1.4262926697483636e-06,1000000.0,1.3276660442352295,0.036010533571243286,0.0011834301985800266,0.0002518638502806425,1.5702018737792969,0.00013775307161267847
0.009697241708636284,0.9934883117675781,1.4196047004588763e-06,25247.646611301596,79.25151038356125,0.0,0.0,0.019591812044382095,1.6189712285995482e-06,0.010900056920945644,55,0.9999999403953552,0.9474142789840698,-0.02925293706357479,0.0,3.532898187637329,0.25999781489372253,0.0006283287075348198,1.4196047004588763e-06,1000000.0,1.3375880718231201,0.0358416773378849,0.0011753359576687217,0.0002549531636759639,1.5998103618621826,0.000139305237098597
0.009524938650429249,0.9933754205703735,1.4500188854071894e-06,25247.646611301596,80.49063043296337,0.0,0.0,0.008241776376962662,1.6189712285995482e-06,0.010900056920945644,56,1.0,0.9486405253410339,-0.030058102682232857,0.0,3.531484603881836,0.2549095153808594,0.0006283512338995934,1.4500188854071894e-06,1000000.0,1.322831630706787,0.03660956397652626,0.0011679159943014383,0.00025584781542420387,1.6029455661773682,0.00013931022840552032
0.009407189674675465,0.9934507608413696,1.4374569445863017e-06,25247.646611301596,81.81882447563112,0.0,0.0,0.01094613503664732,1.6189712285995482e-06,0.010900056920945644,57,1.0,0.9491448402404785,-0.029836716130375862,0.0,3.543562412261963,0.2504589557647705,0.000617984333075583,1.4374569445863017e-06,1000000.0,1.3113425970077515,0.03629240393638611,0.0011597378179430962,0.0002512875653337687,1.5671651363372803,0.0001370118116028607
0.009536022320389748,0.9934263229370117,1.4440760196521296e-06,25247.646611301596,83.11866008490324,0.0,0.0,0.011398443952202797,1.6189712285995482e-06,0.010900056920945644,58,1.0,0.9487463235855103,-0.030035827308893204,0.0,3.58195161819458,0.24908490478992462,0.0006091600516811013,1.4440760196521296e-06,1000000.0,1.324273943901062,0.03645952045917511,0.0011620658915489912,0.0002486438606865704,1.5471506118774414,0.00013505540846381336
0.009945401921868324,0.9934515953063965,1.4372855048350175e-06,25247.646611301596,84.51861585304141,0.0,0.0,0.010176826268434525,1.6189712285995482e-06,0.010900056920945644,59,1.0,0.9478638768196106,-0.029700614511966705,0.0,3.634794235229492,0.25341078639030457,0.0006203203229233623,1.4372855048350175e-06,1000000.0,1.3673590421676636,0.036288075149059296,0.0011812231969088316,0.0002512878563720733,1.554596185684204,0.00013752971426583827
0.010277065448462963,0.9933695793151855,1.4532012073686928e-06,25247.646611301596,85.96457272581756,0.0,0.0,0.011118789203464985,1.6189712285995482e-06,0.010900056920945644,60,1.0,0.9472271203994751,-0.029925085604190826,0.0,3.6801352500915527,0.2583996057510376,0.0006354686338454485,1.4532012073686928e-06,1000000.0,1.3963643312454224,0.03668991103768349,0.001206912100315094,0.00025515040033496916,1.5762641429901123,0.00014088820898905396
0.010228087194263935,0.9933763742446899,1.4512218058371218e-06,25247.646611301596,87.19895127788186,0.0,0.0,0.010024051181972027,1.6189712285995482e-06,0.010900056920945644,61,1.0,0.9472067356109619,-0.02992815338075161,0.0,3.695286512374878,0.2586318552494049,0.000628194073215127,1.4512218058371218e-06,1000000.0,1.384595274925232,0.03663993626832962,0.0012197606265544891,0.0002544018207117915,1.5716652870178223,0.0001392753911204636
0.009982307441532612,0.9933919906616211,1.444974714104319e-06,25247.646611301596,88.46104465425014,0.0,0.0,0.013661898672580719,1.6189712285995482e-06,0.010900056920945644,62,1.0,0.9473263025283813,-0.02985294908285141,0.0,3.6864242553710938,0.2580384314060211,0.0006227573030628264,1.444974714104319e-06,1000000.0,1.3516604900360107,0.03648221120238304,0.0012267522979527712,0.00025244662538170815,1.5521478652954102,0.0001380700123263523
0.010069938376545906,0.9934210181236267,1.4466166931015323e-06,25247.646611301596,89.68864707648754,0.0,0.0,0.028705086559057236,1.6189712285995482e-06,0.010900056920945644,63,1.0,0.9470372200012207,-0.029649240896105766,0.0,3.6918411254882812,0.2634769380092621,0.0006557024316862226,1.4466166931015323e-06,1000000.0,1.3498340845108032,0.036523666232824326,0.0012480292934924364,0.00025598201318643987,1.5640194416046143,0.00014537420065607876
0.010078508406877518,0.9932507872581482,1.4810183301960933e-06,25247.646611301596,90.9425417277962,0.0,0.0,0.011237074621021748,1.6189712285995482e-06,0.010900056920945644,64,1.0,0.9459100961685181,-0.030362464487552643,0.0,3.6979563236236572,0.26606816053390503,0.0006774893845431507,1.4810183301960933e-06,1000000.0,1.3374887704849243,0.037392228841781616,0.001269816653802991,0.0002621422172524035,1.6043403148651123,0.0001502045342931524
0.010124484077095985,0.993228554725647,1.478725835113437e-06,25247.646611301596,92.19566334784031,0.0,0.0,0.011618288233876228,1.6189712285995482e-06,0.010900056920945644,65,1.0,0.9451072812080383,-0.03031693771481514,0.0,3.7166593074798584,0.2657610774040222,0.000673830509185791,1.478725835113437e-06,1000000.0,1.3374253511428833,0.037334345281124115,0.0012767792213708162,0.000263109861407429,1.6151933670043945,0.00014939333777874708
0.010306093841791153,0.993277370929718,1.4740677443114691e-06,25247.646611301596,93.5384750328958,0.0,0.0,0.02676914632320404,1.6189712285995482e-06,0.010900056920945644,66,1.0,0.9444971680641174,-0.03016413003206253,0.0,3.744745969772339,0.26604098081588745,0.0006737243384122849,1.4740677443114691e-06,1000000.0,1.3571538925170898,0.03721674159169197,0.0012757459189742804,0.0002598360588308424,1.5891523361206055,0.00014936979277990758
0.009993191808462143,0.9933172464370728,1.464216438762378e-06,25247.646611301596,94.78834925591946,0.0,0.0,0.009974464774131775,1.6189712285995482e-06,0.010900056920945644,67,1.0,0.9445856213569641,-0.03026730753481388,0.0,3.7439498901367188,0.2589884400367737,0.0006315812352113426,1.464216438762378e-06,1000000.0,1.3248322010040283,0.03696801885962486,0.0012532067485153675,0.0002525174932088703,1.5463908910751343,0.00014002634270582348
0.009701261296868324,0.9934032559394836,1.4501238183584064e-06,25247.646611301596,96.22013358585536,0.0,0.0,0.05516025051474571,1.6189712285995482e-06,0.010900056920945644,68,1.0,0.944818377494812,-0.030190348625183105,0.0,3.742783784866333,0.2531321942806244,0.000599415972828865,1.4501238183584064e-06,1000000.0,1.2924877405166626,0.03661221265792847,0.0012369025498628616,0.00024079748254735023,1.4532792568206787,0.00013289506023284048
0.010939592495560646,0.9932303428649902,1.4890734973960207e-06,25247.646611301596,97.47803761996329,0.0,0.0,0.01583671383559704,1.6189712285995482e-06,0.010900056920945644,69,1.0,0.944898784160614,-0.03072388470172882,0.0,3.8278937339782715,0.26737305521965027,0.0006286796415224671,1.4890734973960207e-06,1000000.0,1.4483861923217773,0.03759559988975525,0.0012557635782286525,0.0002506065065972507,1.5425361394882202,0.00013938304618932307
0.011827322654426098,0.9933487772941589,1.4657279052698868e-06,25247.646611301596,98.90268001146615,0.0,0.0,0.01422171201556921,1.6189712285995482e-06,0.010900056920945644,70,1.0,0.9452696442604065,-0.029765725135803223,0.0,3.8798625469207764,0.2789744734764099,0.0006563005736097693,1.4657279052698868e-06,1000000.0,1.5514825582504272,0.037006180733442307,0.001274467445909977,0.0002526119933463633,1.528961420059204,0.00014550681225955486
0.012283038347959518,0.993260383605957,1.4767343827770674e-06,25247.646611301596,100.18767453730106,0.0,0.0,0.019320614635944366,1.6189712285995482e-06,0.010900056920945644,71,1.0,0.9458920955657959,-0.029836852103471756,0.0,3.897048234939575,0.2859058976173401,0.0006729410961270332,1.4767343827770674e-06,1000000.0,1.6066668033599854,0.03728406876325607,0.0012868100311607122,0.0002527416800148785,1.5268406867980957,0.00014919614477548748
0.012116995640099049,0.9933156967163086,1.459075292586931e-06,25247.646611301596,101.68277282826602,0.0,0.0,0.017194051295518875,1.6189712285995482e-06,0.010900056920945644,72,1.0,0.946990430355072,-0.02951633930206299,0.0,3.8761978149414062,0.28494518995285034,0.0006593482685275376,1.459075292586931e-06,1000000.0,1.603969693183899,0.036838218569755554,0.001282509183511138,0.00025501419440843165,1.5615391731262207,0.00014618251589126885
0.012299373745918274,0.9932811856269836,1.4652404161097365e-06,25247.646611301596,103.20882464386523,0.0,0.0,0.013787142932415009,1.6189712285995482e-06,0.010900056920945644,73,1.0,0.9484997391700745,-0.029560299590229988,0.0,3.8869004249572754,0.2918069660663605,0.0006706322310492396,1.4652404161097365e-06,1000000.0,1.622441291809082,0.03699387237429619,0.001282926183193922,0.0002559786371421069,1.5702812671661377,0.00014868425205349922
0.01202938798815012,0.9933429956436157,1.4572709687854513e-06,25247.646611301596,104.48690944164991,0.0,0.0,0.026868782937526703,1.6189712285995482e-06,0.010900056920945644,74,1.0,0.9502086639404297,-0.029429737478494644,0.0,3.8707756996154785,0.2925060987472534,0.000668687978759408,1.4572709687854513e-06,1000000.0,1.5988733768463135,0.03679266199469566,0.0012736254138872027,0.0002591075317468494,1.6016497611999512,0.00014825319522060454
0.012783080339431763,0.9931942224502563,1.490535396442283e-06,25247.646611301596,105.86980809830129,0.0,0.0,0.05391845479607582,1.6189712285995482e-06,0.010900056920945644,75,1.0,0.9513022899627686,-0.02985842153429985,0.0,3.911677360534668,0.3079477846622467,0.0007070032879710197,1.490535396442283e-06,1000000.0,1.6585561037063599,0.03763251006603241,0.001287580467760563,0.0002647569344844669,1.6308684349060059,0.00015674799215048552
0.01387941837310791,0.9929372072219849,1.565285515425785e-06,25247.646611301596,107.29844044335186,0.0,0.0,0.035128649324178696,1.6189712285995482e-06,0.010900056920945644,76,0.9999999403953552,0.9529840350151062,-0.031192049384117126,0.0,4.013300895690918,0.32409703731536865,0.0007546175038442016,1.565285515425785e-06,1000000.0,1.7376282215118408,0.0395197756588459,0.0013317761477082968,0.00026968776364810765,1.6468675136566162,0.00016730441711843014
0.014867765828967094,0.9930008053779602,1.5345266319855e-06,25247.646611301596,108.71616470441222,0.0,0.0,0.012228511273860931,1.6189712285995482e-06,0.010900056920945644,77,1.0,0.9532169103622437,-0.029996220022439957,0.0,4.121793746948242,0.33281317353248596,0.0007860280456952751,1.5345266319855e-06,1000000.0,1.801693081855774,0.03874318674206734,0.0013634029310196638,0.00028162539820186794,1.726850986480713,0.00017426838167011738
0.015805743634700775,0.9929184317588806,1.5599638345520361e-06,25247.646611301596,110.16110886074603,0.0,0.0,0.11536110937595367,1.6189712285995482e-06,0.010900056920945644,78,1.0,0.9528778195381165,-0.03015199862420559,0.0,4.23436164855957,0.3396950662136078,0.0008289077668450773,1.5599638345520361e-06,1000000.0,1.8647022247314453,0.039385415613651276,0.0013975364854559302,0.00028657549410127103,1.7627646923065186,0.00018377513333689421
0.01449511107057333,0.9928424954414368,1.5756698985569528e-06,25247.646611301596,111.66402156278491,0.0,0.0,0.031999412924051285,1.6189712285995482e-06,0.010900056920945644,79,1.0,0.9551370143890381,-0.030867967754602432,0.0,4.108165740966797,0.3267192244529724,0.0008202611934393644,1.5756698985569528e-06,1000000.0,1.7701199054718018,0.03978195786476135,0.0013980622170493007,0.00029534168425016105,1.8250255584716797,0.00018185812223237008
0.014031456783413887,0.9929418563842773,1.5591991768815205e-06,25247.646611301596,113.31006273254752,0.0,0.0,0.03423822671175003,1.6189712285995482e-06,0.010900056920945644,80,1.0,0.9544228315353394,-0.030335191637277603,0.0,4.0542168617248535,0.3254825472831726,0.0008501579868607223,1.5591991768815205e-06,1000000.0,1.741652011871338,0.039366111159324646,0.0014250822132453322,0.0002911041665356606,1.7775992155075073,0.0001884864759631455
0.013213779777288437,0.9932159781455994,1.495076958235586e-06,25247.646611301596,114.86871523968875,0.0,0.0,0.04036402329802513,1.6189712285995482e-06,0.010900056920945644,81,1.0,0.9489067792892456,-0.028967048972845078,0.0,4.006499290466309,0.31718119978904724,0.000837497937027365,1.495076958235586e-06,1000000.0,1.6671531200408936,0.03774717450141907,0.0014174487441778183,0.00027688388945534825,1.6764976978302002,0.00018567964434623718
0.012928138487040997,0.9931591153144836,1.5063640148582635e-06,25247.646611301596,116.28655885532498,0.0,0.0,0.013677327893674374,1.6189712285995482e-06,0.010900056920945644,82,1.0,0.9487870335578918,-0.029389582574367523,0.0,3.9917750358581543,0.315307080745697,0.0008247648947872221,1.5063640148582635e-06,1000000.0,1.6525611877441406,0.03803214430809021,0.0014280891045928001,0.000274856312898919,1.6702911853790283,0.00018285663099959493
0.01278025284409523,0.9932161569595337,1.4843004692011164e-06,25247.646611301596,117.8201548345387,0.0,0.0,0.012378411367535591,1.6189712285995482e-06,0.010900056920945644,83,1.0,0.9500681161880493,-0.02887900359928608,0.0,3.977144241333008,0.3167356252670288,0.0008212347747758031,1.4843004692011164e-06,1000000.0,1.6485515832901,0.0374750941991806,0.0014445511624217033,0.0002763084485195577,1.6833903789520264,0.00018207397079095244
0.012653416022658348,0.993217408657074,1.4869343658574508e-06,25247.646611301596,119.41508439183235,0.0,0.0,0.020047014579176903,1.6189712285995482e-06,0.010900056920945644,84,1.0,0.951236367225647,-0.02895849198102951,0.0,3.9702587127685547,0.31709495186805725,0.0008217456634156406,1.4869343658574508e-06,1000000.0,1.6476727724075317,0.03754159435629845,0.001467005698941648,0.00027538384892977774,1.681243658065796,0.00018218724289909005
0.012847132049500942,0.9931365847587585,1.5051712125568883e-06,25247.646611301596,120.86660674773157,0.0,0.0,0.02356507070362568,1.6189712285995482e-06,0.010900056920945644,85,1.0,0.9505135416984558,-0.029340635985136032,0.0,3.9958548545837402,0.31959617137908936,0.00082662224303931,1.5051712125568883e-06,1000000.0,1.6694848537445068,0.038002029061317444,0.0014847810380160809,0.00028546174871735275,1.725325584411621,0.00018326842109672725
0.013343503698706627,0.9930362701416016,1.5315808923332952e-06,25247.646611301596,122.23319345526397,0.0,0.0,0.009023399092257023,1.6189712285995482e-06,0.010900056920945644,86,1.0,0.9483802318572998,-0.029866032302379608,0.0,4.072460651397705,0.3239927887916565,0.0008319608750753105,1.5315808923332952e-06,1000000.0,1.7085344791412354,0.038668811321258545,0.0015012905932962894,0.00029224302852526307,1.76011323928833,0.00018445203022565693
0.013709187507629395,0.9929956793785095,1.5454127151315333e-06,25247.646611301596,123.71919338405132,0.0,0.0,0.027188606560230255,1.6189712285995482e-06,0.010900056920945644,87,1.0,0.9462440609931946,-0.030139055103063583,0.0,4.130179405212402,0.32691341638565063,0.0008318397449329495,1.5454127151315333e-06,1000000.0,1.7371488809585571,0.03901803493499756,0.0015109681989997625,0.00029750700923614204,1.7748210430145264,0.0001844251819420606
0.013418778777122498,0.9929202198982239,1.5622903219991713e-06,25247.646611301596,125.30650269240141,0.0,0.0,0.014274525456130505,1.6189712285995482e-06,0.010900056920945644,88,1.0,0.9443290829658508,-0.030721239745616913,0.0,4.145094871520996,0.32306429743766785,0.0008167984196916223,1.5622903219991713e-06,1000000.0,1.7134876251220703,0.039444152265787125,0.0015161128249019384,0.00029893137980252504,1.7887473106384277,0.00018109040684066713
0.013203457929193974,0.9929661750793457,1.547380065858306e-06,25247.646611301596,126.96950012259185,0.0,0.0,0.008968440815806389,1.6189712285995482e-06,0.010900056920945644,89,1.0,0.942383885383606,-0.03036777675151825,0.0,4.160364627838135,0.32076770067214966,0.0008187569910660386,1.547380065858306e-06,1000000.0,1.695255160331726,0.03906770423054695,0.0015337418299168348,0.00030308758141472936,1.8094056844711304,0.0001815246359910816
0.01303466409444809,0.9930750131607056,1.5190606745818513e-06,25247.646611301596,128.54188524745405,0.0,0.0,0.0167330801486969,1.6189712285995482e-06,0.010900056920945644,90,1.0,0.9412206411361694,-0.02964797616004944,0.0,4.164102554321289,0.3189293444156647,0.0008235730929300189,1.5190606745818513e-06,1000000.0,1.686663269996643,0.03835270553827286,0.001550063374452293,0.0003031109517905861,1.8159644603729248,0.00018259239732287824
0.013143776915967464,0.9929882287979126,1.5456158735105419e-06,25247.646611301596,129.9895147960633,0.0,0.0,0.017629923298954964,1.6189712285995482e-06,0.010900056920945644,91,1.0,0.9391730427742004,-0.030284391716122627,0.0,4.185973644256592,0.31881093978881836,0.0008247937075793743,1.5456158735105419e-06,1000000.0,1.7044939994812012,0.03902316465973854,0.001560316770337522,0.0003020301228389144,1.813136100769043,0.00018286301929038018
0.013270559720695019,0.9929726719856262,1.5451635135832475e-06,25247.646611301596,131.36127305403352,0.0,0.0,0.01064654253423214,1.6189712285995482e-06,0.010900056920945644,92,1.0,0.9379394054412842,-0.030288107693195343,0.0,4.220020771026611,0.3170645833015442,0.0008189324289560318,1.5451635135832475e-06,1000000.0,1.7145121097564697,0.039011742919683456,0.0015565425856038928,0.0003050088125746697,1.8221004009246826,0.00018156353326048702
0.013405706733465195,0.9930103421211243,1.528622647128941e-06,25247.646611301596,132.73355677723885,0.0,0.0,0.028313662856817245,1.6189712285995482e-06,0.010900056920945644,93,1.0,0.9364293217658997,-0.029865244403481483,0.0,4.249297618865967,0.31546586751937866,0.0008159827557392418,1.528622647128941e-06,1000000.0,1.723519206047058,0.03859412297606468,0.0015511251986026764,0.00030730184516869485,1.830122470855713,0.00018090957019012421
0.013430827297270298,0.9929473996162415,1.5500081644859165e-06,25247.646611301596,134.25678589567542,0.0,0.0,0.01432426180690527,1.6189712285995482e-06,0.010900056920945644,94,1.0,0.9349720478057861,-0.0304592102766037,0.0,4.265665054321289,0.3126271069049835,0.0008080489351414144,1.5500081644859165e-06,1000000.0,1.7141047716140747,0.039134059101343155,0.0015354128554463387,0.0003039216680917889,1.8013361692428589,0.00017915057833306491
0.013400575146079063,0.9929904937744141,1.5401416249005706e-06,25247.646611301596,135.90223837643862,0.0,0.0,0.03248567506670952,1.6189712285995482e-06,0.010900056920945644,95,0.9999999403953552,0.9340294599533081,-0.030102286487817764,0.0,4.267612457275391,0.3127410411834717,0.0008249505190178752,1.5401416249005706e-06,1000000.0,1.6930723190307617,0.038884952664375305,0.0015390440821647644,0.00030188809614628553,1.7834744453430176,0.00018289778381586075
0.013337969779968262,0.9929960370063782,1.5491594922423246e-06,25247.646611301596,137.28446177579463,0.0,0.0,0.024557242169976234,1.6189712285995482e-06,0.010900056920945644,96,1.0,0.9289294481277466,-0.030199427157640457,0.0,4.253596305847168,0.31568393111228943,0.000845114525873214,1.5491594922423246e-06,1000000.0,1.6874754428863525,0.0391126312315464,0.0015614021103829145,0.0003041577583644539,1.8007835149765015,0.00018736829224508256
0.01321031991392374,0.9929389357566833,1.5586564359182375e-06,25247.646611301596,138.75041269138455,0.0,0.0,0.01389762107282877,1.6189712285995482e-06,0.010900056920945644,97,1.0,0.9249431490898132,-0.030346864834427834,0.0,4.21954870223999,0.3209861218929291,0.0008610296063125134,1.5586564359182375e-06,1000000.0,1.6775890588760376,0.039352405816316605,0.001591433072462678,0.00031310724443756044,1.8638384342193604,0.00019089679699391127
0.013003407046198845,0.99285489320755,1.571977236380917e-06,25247.646611301596,140.14036413654685,0.0,0.0,0.010479697957634926,1.6189712285995482e-06,0.010900056920945644,98,1.0,0.9199138283729553,-0.030557963997125626,0.0,4.176645755767822,0.32560139894485474,0.0008840154041536152,1.571977236380917e-06,1000000.0,1.6556391716003418,0.039688725024461746,0.0016257334500551224,0.0003196168690919876,1.9102683067321777,0.00019599292136263102
0.012800012715160847,0.9926040768623352,1.639067363612412e-06,25247.646611301596,141.65659752860665,0.0,0.0,0.04872968792915344,1.6189712285995482e-06,0.010900056920945644,99,1.0,0.9141712784767151,-0.03215210512280464,0.0,4.12473201751709,0.32935088872909546,0.0009033779497258365,1.639067363612412e-06,1000000.0,1.6341032981872559,0.04138259217143059,0.0016547839622944593,0.000331024028128013,1.9796841144561768,0.00020028573635499924
0.013262380845844746,0.9926984906196594,1.6087964240796282e-06,25247.646611301596,143.05051157996058,0.0,0.0,0.013242220506072044,1.6189712285995482e-06,0.010900056920945644,100,0.9999999403953552,0.9025067090988159,-0.031019214540719986,0.0,4.085256099700928,0.34337344765663147,0.0009429525234736502,1.6087964240796282e-06,1000000.0,1.6768405437469482,0.04061832278966904,0.0016871027182787657,0.0003335609508212656,1.9970020055770874,0.00020905972633045167
0.01367095299065113,0.9925869107246399,1.640193318053207e-06,25247.646611301596,144.68744881264865,0.0,0.0,0.02229110337793827,1.6189712285995482e-06,0.010900056920945644,101,1.0,0.8936657905578613,-0.03159526735544205,0.0,4.057150840759277,0.3534637987613678,0.0009617463801987469,1.640193318053207e-06,1000000.0,1.7172210216522217,0.04141101986169815,0.0017119174590334296,0.0003396579995751381,2.0394628047943115,0.00021322646352928132
0.014252590015530586,0.9924697279930115,1.6757875300754677e-06,25247.646611301596,146.01666051521897,0.0,0.0,0.01369465235620737,1.6189712285995482e-06,0.010900056920945644,102,1.0,0.8846678733825684,-0.032372381538152695,0.0,4.025818347930908,0.36302751302719116,0.0009614273440092802,1.6757875300754677e-06,1000000.0,1.790083646774292,0.04230969026684761,0.0017302943160757422,0.0003436966217122972,2.07369327545166,0.00021315572666935623
0.014656282030045986,0.9925544857978821,1.6534410178792314e-06,25247.646611301596,147.50581635162234,0.0,0.0,0.017776496708393097,1.6189712285995482e-06,0.010900056920945644,103,1.0,0.8779751658439636,-0.03185746818780899,0.0,3.9990923404693604,0.36646372079849243,0.000941806472837925,1.6534410178792314e-06,1000000.0,1.848880410194397,0.041745495051145554,0.0017314988654106855,0.0003414046950638294,2.067319869995117,0.00020880563533864915
0.01486117858439684,0.9925966262817383,1.6438182228739606e-06,25247.646611301596,149.0437568258494,0.0,0.0,0.012682990171015263,1.6189712285995482e-06,0.010900056920945644,104,1.0,0.8726440072059631,-0.03181751072406769,0.0,3.9936885833740234,0.3633541762828827,0.0009056571288965642,1.6438182228739606e-06,1000000.0,1.8898693323135376,0.04150254279375076,0.001722661778330803,0.00033800138044171035,2.030599594116211,0.00020079105161130428
0.014974517747759819,0.9925362467765808,1.655318897064717e-06,25247.646611301596,150.41470853611827,0.0,0.0,0.05708962306380272,1.6189712285995482e-06,0.010900056920945644,105,1.0,0.8685563206672668,-0.032237619161605835,0.0,4.00393533706665,0.35821813344955444,0.0008831052691675723,1.655318897064717e-06,1000000.0,1.9189133644104004,0.04179290682077408,0.0017166209872812033,0.00033579880255274475,2.000866651535034,0.00019579112995415926
0.014656146056950092,0.9926444888114929,1.6144061874001636e-06,25247.646611301596,151.71881914325058,0.0,0.0,0.0279402919113636,1.6189712285995482e-06,0.010900056920945644,106,1.0,0.8665463924407959,-0.03110218420624733,0.0,3.954162836074829,0.3529087007045746,0.0009079787414520979,1.6144061874001636e-06,1000000.0,1.886594533920288,0.04075995832681656,0.001718428684398532,0.00032604511943645775,1.96636962890625,0.00020130576740484685
0.014880488626658916,0.992599606513977,1.6269059415208176e-06,25247.646611301596,153.04696860350668,0.0,0.0,0.016935547813773155,1.6189712285995482e-06,0.010900056920945644,107,0.9999999403953552,0.8619086742401123,-0.03102349117398262,0.0,3.949549674987793,0.3541654348373413,0.0009586288942955434,1.6269059415208176e-06,1000000.0,1.899009108543396,0.04107554629445076,0.0017497434746474028,0.0003268413420300931,1.98202383518219,0.00021253529121167958
0.015130764804780483,0.9924963116645813,1.6587509890086949e-06,25247.646611301596,154.67061726003885,0.0,0.0,0.011659922078251839,1.6189712285995482e-06,0.010900056920945644,108,1.0,0.8566217422485352,-0.03158190846443176,0.0,3.9470319747924805,0.35576575994491577,0.0009859243873506784,1.6587509890086949e-06,1000000.0,1.9142827987670898,0.0418795570731163,0.0017847248818725348,0.0003376939275767654,2.0399484634399414,0.00021858692343812436
0.015497622080147266,0.9924902319908142,1.6470858099637553e-06,25247.646611301596,156.29180203936994,0.0,0.0,0.02690921537578106,1.6189712285995482e-06,0.010900056920945644,109,1.0,0.8514544367790222,-0.031043047085404396,0.0,3.953775405883789,0.3602432608604431,0.0010092674056068063,1.6470858099637553e-06,1000000.0,1.9369330406188965,0.0415850393474102,0.001824002480134368,0.0003461125597823411,2.093592643737793,0.0002237622393295169
0.016333449631929398,0.9923725128173828,1.685510937932122e-06,25247.646611301596,157.7107342556119,0.0,0.0,0.023704739287495613,1.6189712285995482e-06,0.010900056920945644,110,1.0,0.8444256782531738,-0.03129892796278,0.0,3.930708885192871,0.37450137734413147,0.0010882531059905887,1.685510937932122e-06,1000000.0,1.9826287031173706,0.04255518317222595,0.0018783651757985353,0.00036117079434916377,2.208949089050293,0.00024127395590767264
0.017211075872182846,0.9922593235969543,1.7137198256023112e-06,25247.646611301596,159.2540181968361,0.0,0.0,0.06623293459415436,1.6189712285995482e-06,0.010900056920945644,111,1.0,0.8368538022041321,-0.03134651854634285,0.0,3.9263014793395996,0.38862085342407227,0.0011585474712774158,1.7137198256023112e-06,1000000.0,2.0262930393218994,0.0432673916220665,0.0019322371808812022,0.00037691305624321103,2.292200803756714,0.000256858766078949
0.01937340758740902,0.9920290112495422,1.762765236890118e-06,25247.646611301596,160.67406929843128,0.0,0.0,0.03681700676679611,1.6189712285995482e-06,0.010900056920945644,112,1.0,0.8262351751327515,-0.0314735509455204,0.0,3.965287208557129,0.4174710512161255,0.0012543482007458806,1.762765236890118e-06,1000000.0,2.13162899017334,0.04450567439198494,0.002036214806139469,0.0003967352386098355,2.4082257747650146,0.0002780985087156296
0.021666450425982475,0.991793155670166,1.816072085603082e-06,25247.646611301596,161.96707910858095,0.0,0.0,0.01763761043548584,1.6189712285995482e-06,0.010900056920945644,113,1.0,0.8186237215995789,-0.03198262304067612,0.0,4.085227012634277,0.4441920220851898,0.0013052747817710042,1.816072085603082e-06,1000000.0,2.248587131500244,0.04585154727101326,0.0021348842419683933,0.00041672802763059735,2.517341375350952,0.00028938931063748896
0.023463811725378036,0.9917173385620117,1.8304008335690014e-06,25247.646611301596,163.40801019221544,0.0,0.0,0.039212219417095184,1.6189712285995482e-06,0.010900056920945644,114,1.0,0.8121604323387146,-0.032063331454992294,0.0,4.219446659088135,0.4620606005191803,0.0012888370547443628,1.8304008335690014e-06,1000000.0,2.334476947784424,0.046213313937187195,0.0022121798247098923,0.000421773933339864,2.52221417427063,0.0002857449580915272
0.024661073461174965,0.9916866421699524,1.8412309827908757e-06,25247.646611301596,164.80326196923852,0.0,0.0,0.02625759318470955,1.6189712285995482e-06,0.010900056920945644,115,1.0,0.8061164021492004,-0.03264208883047104,0.0,4.334434986114502,0.469809889793396,0.0012032558443024755,1.8412309827908757e-06,1000000.0,2.3894736766815186,0.0464867502450943,0.0022732908837497234,0.0004189815081190318,2.490469455718994,0.00026677094865590334
0.02556849643588066,0.9917861819267273,1.815930431803281e-06,25247.646611301596,166.10475673526525,0.0,0.0,0.02178261987864971,1.6189712285995482e-06,0.010900056920945644,116,1.0,0.8007638454437256,-0.032365523278713226,0.0,4.436279773712158,0.4722909927368164,0.001119166612625122,1.815930431803281e-06,1000000.0,2.445661783218384,0.045847970992326736,0.0023122949060052633,0.0004119174263905734,2.4283084869384766,0.0002481277333572507
0.026462497189641,0.9918158650398254,1.8121544371751952e-06,25247.646611301596,167.53506366163492,0.0,0.0,0.017897848039865494,1.6189712285995482e-06,0.010900056920945644,117,1.0,0.7974570393562317,-0.032319944351911545,0.0,4.572365760803223,0.47521263360977173,0.001083063310943544,1.8121544371751952e-06,1000000.0,2.5105233192443848,0.0457526333630085,0.0023412234149873257,0.00040152668952941895,2.3902359008789062,0.00024012333597056568
0.02734086848795414,0.991888701915741,1.7917784589371877e-06,25247.646611301596,168.92517331056297,0.0,0.0,0.021504130214452744,1.6189712285995482e-06,0.010900056920945644,118,0.9999999403953552,0.7947747111320496,-0.03155799210071564,0.0,4.680116653442383,0.4805155098438263,0.0010924418456852436,1.7917784589371877e-06,1000000.0,2.5686917304992676,0.0452381893992424,0.0023648617789149284,0.0004066326655447483,2.417219638824463,0.00024220263003371656
0.02809525839984417,0.9918257594108582,1.8064631603920134e-06,25247.646611301596,170.47126337140799,0.0,0.0,0.011451388709247112,1.6189712285995482e-06,0.010900056920945644,119,1.0,0.7924149632453918,-0.03156474232673645,0.0,4.767289638519287,0.48692744970321655,0.0011233151890337467,1.8064631603920134e-06,1000000.0,2.6180191040039062,0.045608941465616226,0.0023843026719987392,0.00041122533730231225,2.433307409286499,0.00024904750171117485
0.028702232986688614,0.9917991757392883,1.81314317160286e-06,25247.646611301596,171.87630910426378,0.0,0.0,0.016074229031801224,1.6189712285995482e-06,0.010900056920945644,120,1.0,0.7902598977088928,-0.031378403306007385,0.0,4.839732646942139,0.49324101209640503,0.001157152932137251,1.81314317160286e-06,1000000.0,2.6536643505096436,0.04577759653329849,0.002405643928796053,0.0004148369189351797,2.448728084564209,0.00025654956698417664
0.029099570587277412,0.9917346835136414,1.8301554973731982e-06,25247.646611301596,173.34669831953943,0.0,0.0,0.02412411756813526,1.6189712285995482e-06,0.010900056920945644,121,1.0,0.7882957458496094,-0.0314975380897522,0.0,4.9069719314575195,0.4975477457046509,0.0011905203573405743,1.8301554973731982e-06,1000000.0,2.6731016635894775,0.04620711877942085,0.0024281081277877092,0.000415085960412398,2.450766086578369,0.0002639473823364824
0.028941849246621132,0.9917925000190735,1.8146201909985393e-06,25247.646611301596,174.8294545263052,0.0,0.0,0.01828189194202423,1.6189712285995482e-06,0.010900056920945644,122,1.0,0.7876498103141785,-0.031143251806497574,0.0,4.943084239959717,0.49542921781539917,0.0011890074238181114,1.8146201909985393e-06,1000000.0,2.6638495922088623,0.045814890414476395,0.002437274670228362,0.00041805123328231275,2.4699037075042725,0.00026361196069046855
0.02842072583734989,0.9917625784873962,1.8233973833048367e-06,25247.646611301596,176.28674062341452,0.0,0.0,0.018945464864373207,1.6189712285995482e-06,0.010900056920945644,123,1.0,0.787886917591095,-0.03153890743851662,0.0,4.960211753845215,0.4897117018699646,0.00117844610940665,1.8233973833048367e-06,1000000.0,2.6351499557495117,0.0460364930331707,0.0024383189156651497,0.0004201759584248066,2.4971776008605957,0.0002612704411149025
0.02762012742459774,0.9917144775390625,1.8390059040029882e-06,25247.646611301596,177.66415622457862,0.0,0.0,0.01496374886482954,1.6189712285995482e-06,0.010900056920945644,124,1.0,0.7895514369010925,-0.03230029717087746,0.0,4.969643592834473,0.4790019094944,0.0011479691602289677,1.8390059040029882e-06,1000000.0,2.5976219177246094,0.046430569142103195,0.0024271055590361357,0.00042413780465722084,2.524412155151367,0.00025451346300542355
0.02677927352488041,0.991676926612854,1.854490619734861e-06,25247.646611301596,178.98252513445914,0.0,0.0,0.010127091780304909,1.6189712285995482e-06,0.010900056920945644,125,1.0,0.7914097309112549,-0.03309610113501549,0.0,4.972021579742432,0.4673570990562439,0.0011133364168927073,1.854490619734861e-06,1000000.0,2.559485912322998,0.04682152345776558,0.002411283552646637,0.0004310330841690302,2.5496022701263428,0.0002468351158313453
0.026046957820653915,0.9917869567871094,1.8192040442954749e-06,25247.646611301596,180.38209389522672,0.0,0.0,0.015510513447225094,1.6189712285995482e-06,0.010900056920945644,126,1.0,0.7933645248413086,-0.032475296407938004,0.0,4.963665962219238,0.45903247594833374,0.0010955414036288857,1.8192040442954749e-06,1000000.0,2.5226099491119385,0.04593062028288841,0.00239809462800622,0.0004270487406756729,2.519026517868042,0.00024288982967846096
0.025438429787755013,0.991737961769104,1.8315895431442186e-06,25247.646611301596,181.66721789352596,0.0,0.0,0.04637342691421509,1.6189712285995482e-06,0.010900056920945644,127,1.0,0.7951954007148743,-0.03306828439235687,0.0,4.938390731811523,0.45149847865104675,0.0010725917527452111,1.8315895431442186e-06,1000000.0,2.4872021675109863,0.046243324875831604,0.002383261453360319,0.0004247874894645065,2.505582332611084,0.00023780172341503203
0.02542748674750328,0.9918087124824524,1.8164761286243447e-06,25247.646611301596,183.05058805271983,0.0,0.0,0.011165511794388294,1.6189712285995482e-06,0.010900056920945644,128,1.0,0.7962179780006409,-0.03277989849448204,0.0,4.958824157714844,0.44863343238830566,0.0010590130696073174,1.8164761286243447e-06,1000000.0,2.4922451972961426,0.04586174711585045,0.00238153338432312,0.00041928599239327013,2.4758124351501465,0.00023479123774450272
0.02547050081193447,0.9918699264526367,1.8028166550720925e-06,25247.646611301596,184.30087437666953,0.0,0.0,0.021920863538980484,1.6189712285995482e-06,0.010900056920945644,129,1.0,0.7976519465446472,-0.032488733530044556,0.0,4.96956205368042,0.4471871256828308,0.0010499514173716307,1.8028166550720925e-06,1000000.0,2.500363826751709,0.04551687836647034,0.0023764504585415125,0.0004154941125307232,2.4513213634490967,0.00023278218577615917
0.025590604171156883,0.9918638467788696,1.7970854742088704e-06,25247.646611301596,185.541404703632,0.0,0.0,0.019113007932901382,1.6189712285995482e-06,0.010900056920945644,130,1.0,0.7989776730537415,-0.03236399218440056,0.0,4.966024875640869,0.44855374097824097,0.0010437157470732927,1.7970854742088704e-06,1000000.0,2.5153350830078125,0.04537217691540718,0.002370184753090143,0.0004166355065535754,2.458348274230957,0.0002313996956218034
0.025509407743811607,0.9917910695075989,1.817968268369441e-06,25247.646611301596,186.77760033868253,0.0,0.0,0.020031917840242386,1.6189712285995482e-06,0.010900056920945644,131,1.0,0.7999371290206909,-0.03291758894920349,0.0,4.937263488769531,0.4484679102897644,0.0010431647533550858,1.817968268369441e-06,1000000.0,2.5197370052337646,0.045899420976638794,0.002354065887629986,0.0004183869459666312,2.4624783992767334,0.0002312775468453765
0.025270618498325348,0.9918055534362793,1.820932652663032e-06,25247.646611301596,188.16087977029383,0.0,0.0,0.024563018232584,1.6189712285995482e-06,0.010900056920945644,132,1.0,0.8002581596374512,-0.03297848254442215,0.0,4.896055221557617,0.4483475089073181,0.0010533453896641731,1.820932652663032e-06,1000000.0,2.5088019371032715,0.045974262058734894,0.002339039696380496,0.000414873386034742,2.434431314468384,0.00023353466531261802
0.025190750136971474,0.9918010830879211,1.8175411469201208e-06,25247.646611301596,189.7747731152922,0.0,0.0,0.019769174978137016,1.6189712285995482e-06,0.010900056920945644,133,1.0,0.7997201085090637,-0.03287216275930405,0.0,4.859726905822754,0.4475595951080322,0.0010599043453112245,1.8175411469201208e-06,1000000.0,2.5129528045654297,0.04588863626122475,0.002321649342775345,0.0004157446383032948,2.4423909187316895,0.00023498883820138872
0.02498748153448105,0.9918252825737,1.8127308294424438e-06,25247.646611301596,191.1250446625054,0.0,0.0,0.012295125052332878,1.6189712285995482e-06,0.010900056920945644,134,0.9999999403953552,0.799186110496521,-0.03285442292690277,0.0,4.834005355834961,0.44305306673049927,0.0010517592309042811,1.8127308294424438e-06,1000000.0,2.5111379623413086,0.04576718807220459,0.0022994501050561666,0.0004182450065854937,2.459965705871582,0.0002331830037292093
0.024609530344605446,0.9918157458305359,1.8115896409653942e-06,25247.646611301596,192.55029157921672,0.0,0.0,0.016707198694348335,1.6189712285995482e-06,0.010900056920945644,135,1.0,0.798991322517395,-0.03302626684308052,0.0,4.806474208831787,0.43622249364852905,0.0010346794733777642,1.8115896409653942e-06,1000000.0,2.4985969066619873,0.045738376677036285,0.002270787488669157,0.00041658710688352585,2.453482151031494,0.00022939627524465322
0.023950906470417976,0.9918691515922546,1.7955095472643734e-06,25247.646611301596,194.06450059637427,0.0,0.0,0.010725694708526134,1.6189712285995482e-06,0.010900056920945644,136,1.0,0.8003576397895813,-0.032922741025686264,0.0,4.789307594299316,0.4258224368095398,0.0010109670693054795,1.7955095472643734e-06,1000000.0,2.468538761138916,0.04533239081501961,0.0022382382303476334,0.0004102368839085102,2.4155969619750977,0.00022413907572627068
0.02337472327053547,0.9919831156730652,1.7734057564666728e-06,25247.646611301596,195.45217004418373,0.0,0.0,0.008454677648842335,1.6189712285995482e-06,0.010900056920945644,137,1.0,0.8024049997329712,-0.03260643407702446,0.0,4.769290924072266,0.4160739481449127,0.0009942282922565937,1.7734057564666728e-06,1000000.0,2.445833206176758,0.04477431997656822,0.0022002579644322395,0.0004059489874634892,2.3893051147460938,0.0002204279589932412
0.02286853827536106,0.9919463396072388,1.7830137721830397e-06,25247.646611301596,196.6629092488438,0.0,0.0,0.012708272784948349,1.6189712285995482e-06,0.010900056920945644,138,1.0,0.8049788475036621,-0.03303436189889908,0.0,4.7410736083984375,0.4084562063217163,0.0009837839752435684,1.7830137721830397e-06,1000000.0,2.42353892326355,0.045016899704933167,0.002163653029128909,0.00039441438275389373,2.3298728466033936,0.00021811235637869686
0.022459056228399277,0.9919681549072266,1.7803071159505635e-06,25247.646611301596,198.06998506747186,0.0,0.0,0.01690400391817093,1.6189712285995482e-06,0.010900056920945644,139,1.0,0.8079857230186462,-0.03307720646262169,0.0,4.704090595245361,0.4043828248977661,0.000981271849013865,1.7803071159505635e-06,1000000.0,2.4073543548583984,0.04494856297969818,0.002132204594090581,0.00038929126458242536,2.3068530559539795,0.00021755541092716157
0.022147951647639275,0.991938591003418,1.7867249653136241e-06,25247.646611301596,199.54340906068683,0.0,0.0,0.020374396815896034,1.6189712285995482e-06,0.010900056920945644,140,1.0,0.8115511536598206,-0.03327833116054535,0.0,4.673251628875732,0.4032267928123474,0.000985749764367938,1.7867249653136241e-06,1000000.0,2.3932106494903564,0.04511060193181038,0.002115588868036866,0.000389176799217239,2.3034324645996094,0.00021854820079170167
0.021560536697506905,0.9919587969779968,1.7814639932112186e-06,25247.646611301596,200.854042571038,0.0,0.0,0.02013893984258175,1.6189712285995482e-06,0.010900056920945644,141,1.0,0.8159191012382507,-0.03321656584739685,0.0,4.625887393951416,0.40050601959228516,0.0009938736911863089,1.7814639932112186e-06,1000000.0,2.357602119445801,0.04497777298092842,0.0020965542644262314,0.0003907227946911007,2.309231996536255,0.00022034933499526232
0.020785333588719368,0.9919427037239075,1.7795381381802144e-06,25247.646611301596,202.1868327818811,0.0,0.0,0.010056263767182827,1.6189712285995482e-06,0.010900056920945644,142,1.0,0.8217800259590149,-0.033352240920066833,0.0,4.601218223571777,0.39287900924682617,0.0009912427049130201,1.7795381381802144e-06,1000000.0,2.3101563453674316,0.044929150491952896,0.002067157067358494,0.00038747917278669775,2.269993782043457,0.00021976602147333324
0.020174620673060417,0.9920194745063782,1.771378492776421e-06,25247.646611301596,203.6224730219692,0.0,0.0,0.00946888979524374,1.6189712285995482e-06,0.010900056920945644,143,1.0,0.8269535899162292,-0.033225882798433304,0.0,4.585752010345459,0.3876055181026459,0.0009989936370402575,1.771378492776421e-06,1000000.0,2.270738124847412,0.044723138213157654,0.002044494729489088,0.00038448520353995264,2.243354558944702,0.00022148445714265108
0.019787320867180824,0.992016613483429,1.7628366322242073e-06,25247.646611301596,205.17448734864593,0.0,0.0,0.012138918042182922,1.6189712285995482e-06,0.010900056920945644,144,1.0,0.8307290077209473,-0.0330011211335659,0.0,4.575722694396973,0.38406801223754883,0.0010129731381312013,1.7628366322242073e-06,1000000.0,2.2453033924102783,0.044507477432489395,0.002028441522270441,0.0003817993856500834,2.2250173091888428,0.00022458382591139525
0.019648710265755653,0.9919878244400024,1.772566406543774e-06,25247.646611301596,206.54559163562953,0.0,0.0,0.020099548622965813,1.6189712285995482e-06,0.010900056920945644,145,1.0,0.8338563442230225,-0.03317279741168022,0.0,4.5850749015808105,0.38206082582473755,0.0010288675548508763,1.772566406543774e-06,1000000.0,2.240847110748291,0.04475313052535057,0.0020183962769806385,0.0003788573667407036,2.219003200531006,0.0002281077322550118
0.019452594220638275,0.9920404553413391,1.7580671283212723e-06,25247.646611301596,208.1266865041107,0.0,0.0,0.022912243381142616,1.6189712285995482e-06,0.010900056920945644,146,1.0,0.8375614881515503,-0.03287661820650101,0.0,4.595088958740234,0.3772772550582886,0.0010250236373394728,1.7580671283212723e-06,1000000.0,2.2331857681274414,0.044387057423591614,0.0020056413486599922,0.00037996680475771427,2.2196156978607178,0.00022725551389157772
0.01963948830962181,0.9921373724937439,1.7303722188444226e-06,25247.646611301596,209.48104017227888,0.0,0.0,0.05582865700125694,1.6189712285995482e-06,0.010900056920945644,147,1.0,0.841005265712738,-0.03219600394368172,0.0,4.595818042755127,0.37666255235671997,0.0010167902801185846,1.7303722188444226e-06,1000000.0,2.258774518966675,0.04368782788515091,0.002002560533583164,0.00037905314820818603,2.2189478874206543,0.00022543012164533138
0.018793707713484764,0.9921382069587708,1.7460291701354436e-06,25247.646611301596,210.8135069720447,0.0,0.0,0.011586429551243782,1.6189712285995482e-06,0.010900056920945644,148,1.0,0.8394446969032288,-0.032992444932460785,0.0,4.577671051025391,0.36472564935684204,0.0009833869989961386,1.7460291701354436e-06,1000000.0,2.1997568607330322,0.0440831258893013,0.0019780173897743225,0.0003754848148673773,2.177741527557373,0.00021802436094731092
0.01818762719631195,0.9921935200691223,1.7356032913085073e-06,25247.646611301596,212.25648188963532,0.0,0.0,0.03142477944493294,1.6189712285995482e-06,0.010900056920945644,149,1.0,0.8387323021888733,-0.032958321273326874,0.0,4.5549092292785645,0.3585610091686249,0.0009682002128101885,1.7356032913085073e-06,1000000.0,2.1551313400268555,0.04381989687681198,0.001960830297321081,0.00036852178163826466,2.1327013969421387,0.00021465732424985617
0.017789294943213463,0.9920576214790344,1.758758685355133e-06,25247.646611301596,213.77238827571273,0.0,0.0,0.014972404576838017,1.6189712285995482e-06,0.010900056920945644,150,1.0,0.8383538126945496,-0.03340422734618187,0.0,4.545280456542969,0.3585571348667145,0.0010012784041464329,1.758758685355133e-06,1000000.0,2.1131999492645264,0.044404517859220505,0.001956755528226495,0.00037436987622641027,2.18621563911438,0.00022199100931175053
0.017309460788965225,0.9920876622200012,1.7521088011562824e-06,25247.646611301596,215.2389337606728,0.0,0.0,0.019580360502004623,1.6189712285995482e-06,0.010900056920945644,151,1.0,0.8368043899536133,-0.03319895640015602,0.0,4.522806644439697,0.35713672637939453,0.0010220167459920049,1.7521088011562824e-06,1000000.0,2.0662405490875244,0.044236622750759125,0.0019452705746516585,0.00037638391950167716,2.215750217437744,0.00022658886155113578
0.016878021880984306,0.9920899271965027,1.7586346530151786e-06,25247.646611301596,216.7102942932397,0.0,0.0,0.013325472362339497,1.6189712285995482e-06,0.010900056920945644,152,1.0,0.8357825875282288,-0.03356170654296875,0.0,4.512471675872803,0.35298940539360046,0.0010060612112283707,1.7586346530151786e-06,1000000.0,2.0294106006622314,0.0444013848900795,0.001931333332322538,0.00037560981581918895,2.225627899169922,0.00022305140737444162
0.016455477103590965,0.9921655058860779,1.7398587033312651e-06,25247.646611301596,218.19892212189734,0.0,0.0,0.009989584796130657,1.6189712285995482e-06,0.010900056920945644,153,1.0,0.835707426071167,-0.03340323269367218,0.0,4.511311054229736,0.34669649600982666,0.0009723188704811037,1.7398587033312651e-06,1000000.0,1.9978389739990234,0.04392733797430992,0.0019147436833009124,0.000373608258087188,2.222353458404541,0.00021557047148235142
0.016023602336645126,0.9922813773155212,1.7047901792466291e-06,25247.646611301596,219.6731305066496,0.0,0.0,0.018504364416003227,1.6189712285995482e-06,0.010900056920945644,154,1.0,0.836492657661438,-0.032829005271196365,0.0,4.513808727264404,0.3394628167152405,0.0009396432433277369,1.7047901792466291e-06,1000000.0,1.96445631980896,0.04304194077849388,0.0018960852175951004,0.00036681018536910415,2.187330722808838,0.00020832603331655264
0.015867339447140694,0.9923698306083679,1.6891684708753019e-06,25247.646611301596,221.17936460487545,0.0,0.0,0.018965717405080795,1.6189712285995482e-06,0.010900056920945644,155,1.0,0.8350403904914856,-0.032577622681856155,0.0,4.518626689910889,0.33584508299827576,0.0009231661097146571,1.6891684708753019e-06,1000000.0,1.9560697078704834,0.042647529393434525,0.001890629529953003,0.00036594225093722343,2.1847310066223145,0.00020467292051762342
0.016033457592129707,0.9922605752944946,1.7108479823946254e-06,25247.646611301596,222.62448053248227,0.0,0.0,0.028379138559103012,1.6189712285995482e-06,0.010900056920945644,156,1.0,0.8322484493255615,-0.03310975432395935,0.0,4.537473678588867,0.335515558719635,0.0009200551430694759,1.7108479823946254e-06,1000000.0,1.9728024005889893,0.043194886296987534,0.0018973597325384617,0.00036758658825419843,2.203568696975708,0.00020398320339154452
0.01687183417379856,0.992152214050293,1.7320643337370711e-06,25247.646611301596,224.16875365935266,0.0,0.0,0.007092592306435108,1.6189712285995482e-06,0.010900056920945644,157,1.0,0.8278559446334839,-0.03328518569469452,0.0,4.581452369689941,0.3449164032936096,0.0009473262471146882,1.7320643337370711e-06,1000000.0,2.0425233840942383,0.04373054951429367,0.0019252803176641464,0.00037621083902195096,2.2545018196105957,0.00021002940775360912
0.0176322590559721,0.9920811057090759,1.7474158084951341e-06,25247.646611301596,225.82124938070774,0.0,0.0,0.008009044453501701,1.6189712285995482e-06,0.010900056920945644,158,1.0,0.8246713876724243,-0.0333113931119442,0.0,4.620316028594971,0.35419347882270813,0.0009773728670552373,1.7474158084951341e-06,1000000.0,2.103590250015259,0.044118136167526245,0.0019489030819386244,0.0003796835080720484,2.266141414642334,0.0002166909835068509
0.018192248418927193,0.9921099543571472,1.7417663684682338e-06,25247.646611301596,227.2052628006786,0.0,0.0,0.015353918075561523,1.6189712285995482e-06,0.010900056920945644,159,1.0,0.8222205638885498,-0.03293013572692871,0.0,4.646395683288574,0.3602067232131958,0.0009955571731552482,1.7417663684682338e-06,1000000.0,2.1482224464416504,0.043975502252578735,0.001963103888556361,0.00037965914816595614,2.2597904205322266,0.00022072256251703948
0.018429642543196678,0.9920924305915833,1.7516024399810703e-06,25247.646611301596,228.54990043863654,0.0,0.0,0.017187992110848427,1.6189712285995482e-06,0.010900056920945644,160,1.0,0.8204319477081299,-0.03316890448331833,0.0,4.658567905426025,0.3607909679412842,0.0009897210402414203,1.7516024399810703e-06,1000000.0,2.169459581375122,0.0442238375544548,0.0019653630442917347,0.00038010775460861623,2.258519172668457,0.00021942864987067878
0.018437722697854042,0.9919905662536621,1.7669790395302698e-06,25247.646611301596,230.0079516209662,0.0,0.0,0.00955276470631361,1.6189712285995482e-06,0.010900056920945644,161,0.9999999403953552,0.8185864686965942,-0.03369171917438507,0.0,4.65708065032959,0.3587390184402466,0.0009694239706732333,1.7669790395302698e-06,1000000.0,2.1746597290039062,0.044612061232328415,0.001962349284440279,0.00038344913627952337,2.2776143550872803,0.00021492864470928907
0.018400197848677635,0.9919652938842773,1.7789191133488202e-06,25247.646611301596,231.4628481902182,0.0,0.0,0.0134396618232131,1.6189712285995482e-06,0.010900056920945644,162,1.0,0.8168444633483887,-0.03404862433671951,0.0,4.653706073760986,0.35857000946998596,0.0009622192592360079,1.7789191133488202e-06,1000000.0,2.1691832542419434,0.04491351917386055,0.0019622882828116417,0.00038424477679654956,2.2840490341186523,0.0002133313100785017
0.01849135383963585,0.9919111132621765,1.7903039406519383e-06,25247.646611301596,232.88877980411053,0.0,0.0,0.01008698996156454,1.6189712285995482e-06,0.010900056920945644,163,1.0,0.8153505325317383,-0.03422088921070099,0.0,4.667045593261719,0.36163613200187683,0.0009763538837432861,1.7903039406519383e-06,1000000.0,2.165994167327881,0.04520096257328987,0.0019696250092238188,0.0003881645679939538,2.3112893104553223,0.0002164650650229305
0.01857721246778965,0.9919525384902954,1.7833143601819756e-06,25247.646611301596,234.17518757283688,0.0,0.0,0.009582683444023132,1.6189712285995482e-06,0.010900056920945644,164,1.0,0.8146610856056213,-0.03398697078227997,0.0,4.68093729019165,0.3633039593696594,0.0009822412393987179,1.7833143601819756e-06,1000000.0,2.167565107345581,0.04502449184656143,0.0019724154844880104,0.00038903241511434317,2.3191614151000977,0.00021777034271508455
0.018634779378771782,0.9919120669364929,1.7946870229934575e-06,25247.646611301596,235.5464336797595,0.0,0.0,0.010431443341076374,1.6189712285995482e-06,0.010900056920945644,165,1.0,0.8148807287216187,-0.034307654947042465,0.0,4.696610927581787,0.3628373444080353,0.0009756408981047571,1.7946870229934575e-06,1000000.0,2.1723761558532715,0.04531162232160568,0.001969503704458475,0.00038795077125541866,2.3109235763549805,0.00021630698756780475
0.018650151789188385,0.9918633699417114,1.8000126829065266e-06,25247.646611301596,236.82954581454396,0.0,0.0,0.012478816322982311,1.6189712285995482e-06,0.010900056920945644,166,1.0,0.8156028985977173,-0.034532636404037476,0.0,4.710366249084473,0.36096158623695374,0.0009619625052437186,1.8000126829065266e-06,1000000.0,2.178786039352417,0.04544608294963837,0.0019629648886621,0.0003855892864521593,2.2960965633392334,0.00021327438298612833
0.01850913278758526,0.9919725656509399,1.7744016531651141e-06,25247.646611301596,238.388023680076,0.0,0.0,0.011305811814963818,1.6189712285995482e-06,0.010900056920945644,167,1.0,0.8164480924606323,-0.034016337245702744,0.0,4.707533359527588,0.3578096032142639,0.0009471505763940513,1.7744016531651141e-06,1000000.0,2.1763999462127686,0.04479946568608284,0.0019539729692041874,0.00038082338869571686,2.2697925567626953,0.000209990466828458
0.018391013145446777,0.9919670224189758,1.7793605593396933e-06,25247.646611301596,239.7495546322316,0.0,0.0,0.011425158008933067,1.6189712285995482e-06,0.010900056920945644,168,1.0,0.8171836733818054,-0.03417031466960907,0.0,4.7045464515686035,0.3558114767074585,0.0009467953932471573,1.7793605593396933e-06,1000000.0,2.170598268508911,0.04492466524243355,0.0019469910766929388,0.0003775123041123152,2.24869441986084,0.0002099117118632421
0.018318183720111847,0.9920293688774109,1.7649520032136934e-06,25247.646611301596,240.99543618410826,0.0,0.0,0.010045109316706657,1.6189712285995482e-06,0.010900056920945644,169,1.0,0.8174821734428406,-0.033782344311475754,0.0,4.696678638458252,0.35543403029441833,0.000952818663790822,1.7649520032136934e-06,1000000.0,2.1666982173919678,0.044560883194208145,0.0019437189912423491,0.00037790724309161305,2.250544309616089,0.0002112471265718341
0.018353741616010666,0.9919567108154297,1.7849197320174426e-06,25247.646611301596,242.53139950335026,0.0,0.0,0.012913500890135765,1.6189712285995482e-06,0.010900056920945644,170,1.0,0.817512571811676,-0.034244291484355927,0.0,4.701694011688232,0.35619211196899414,0.0009580046171322465,1.7849197320174426e-06,1000000.0,2.167527675628662,0.0450650230050087,0.001945189549587667,0.0003800909034907818,2.2627029418945312,0.00021239688794594258
0.01849154382944107,0.9919363856315613,1.7791353457141668e-06,25247.646611301596,243.9116762690246,0.0,0.0,0.01143148634582758,1.6189712285995482e-06,0.010900056920945644,171,1.0,0.8173768520355225,-0.03408503532409668,0.0,4.717068195343018,0.35742008686065674,0.0009555636788718402,1.7791353457141668e-06,1000000.0,2.1758430004119873,0.044918980449438095,0.0019499141490086913,0.0003820965939667076,2.2702155113220215,0.00021185571677051485
0.018526753410696983,0.9919811487197876,1.7731093748807325e-06,25247.646611301596,245.26198154874146,0.0,0.0,0.009646167978644371,1.6189712285995482e-06,0.010900056920945644,172,1.0,0.8173125386238098,-0.03388170152902603,0.0,4.726569652557373,0.35918837785720825,0.0009618065669201314,1.7731093748807325e-06,1000000.0,2.1721298694610596,0.04476683959364891,0.0019564772956073284,0.00038412504363805056,2.280266761779785,0.00021323980763554573
0.018419133499264717,0.9919592142105103,1.7739130271365866e-06,25247.646611301596,246.64151270501316,0.0,0.0,0.008389807306230068,1.6189712285995482e-06,0.010900056920945644,173,0.9999999403953552,0.8172117471694946,-0.033877596259117126,0.0,4.726595401763916,0.35925596952438354,0.0009685236727818847,1.7739130271365866e-06,1000000.0,2.1598641872406006,0.044787127524614334,0.001959586050361395,0.00038505264092236757,2.2869651317596436,0.00021472903608810157
0.018203580752015114,0.9920202493667603,1.7540262433612952e-06,25247.646611301596,247.94334494136274,0.0,0.0,0.00834136176854372,1.6189712285995482e-06,0.010900056920945644,174,1.0,0.8171060681343079,-0.03340093791484833,0.0,4.719596862792969,0.3567864000797272,0.0009713199106045067,1.7540262433612952e-06,1000000.0,2.140918493270874,0.04428503289818764,0.001957275904715061,0.0003851184737868607,2.2915101051330566,0.00021534899133257568
0.017812037840485573,0.9920452237129211,1.7579003497303347e-06,25247.646611301596,249.369835248217,0.0,0.0,0.01887916773557663,1.6189712285995482e-06,0.010900056920945644,175,1.0,0.817305326461792,-0.033615030348300934,0.0,4.696020126342773,0.3517892062664032,0.0009661361109465361,1.7579003497303347e-06,1000000.0,2.112577199935913,0.04438284784555435,0.0019485423108562827,0.0003821144928224385,2.276276111602783,0.0002141996956197545
0.017492251470685005,0.9919304251670837,1.790112946764566e-06,25247.646611301596,250.90302190743387,0.0,0.0,0.015938226133584976,1.6189712285995482e-06,0.010900056920945644,176,1.0,0.8183053135871887,-0.03432651609182358,0.0,4.682844161987305,0.3498920798301697,0.0009914323454722762,1.790112946764566e-06,1000000.0,2.0797958374023438,0.04519613832235336,0.001942326663993299,0.00038221600698307157,2.2844200134277344,0.00021980807650834322
0.017357975244522095,0.9920209050178528,1.7685105149212177e-06,25247.646611301596,252.33715354464948,0.0,0.0,0.017327619716525078,1.6189712285995482e-06,0.010900056920945644,177,1.0,0.8192399144172668,-0.033716440200805664,0.0,4.686051845550537,0.34908533096313477,0.0010054055601358414,1.7685105149212177e-06,1000000.0,2.068005084991455,0.04465072974562645,0.0019387773936614394,0.0003793037903960794,2.2744412422180176,0.00022290604829322547
0.01711731217801571,0.9919899106025696,1.7697766452329233e-06,25247.646611301596,253.64491676725447,0.0,0.0,0.019583143293857574,1.6189712285995482e-06,0.010900056920945644,178,1.0,0.8202577233314514,-0.03358669579029083,0.0,4.673748970031738,0.3480598032474518,0.0010372760007157922,1.7697766452329233e-06,1000000.0,2.0430550575256348,0.04468269646167755,0.001933450810611248,0.00037689326563850045,2.2711029052734375,0.00022997194901108742
0.016842016950249672,0.9920112490653992,1.7668038481133408e-06,25247.646611301596,255.146682491526,0.0,0.0,0.023483820259571075,1.6189712285995482e-06,0.010900056920945644,179,1.0,0.8210772275924683,-0.03365743160247803,0.0,4.6732177734375,0.3441728353500366,0.001024153083562851,1.7668038481133408e-06,1000000.0,2.019958019256592,0.04460763931274414,0.0019248186144977808,0.0003763070853892714,2.2699460983276367,0.00022706249728798866
0.016687730327248573,0.9920570254325867,1.7514038290755707e-06,25247.646611301596,256.7051411624998,0.0,0.0,0.011110545136034489,1.6189712285995482e-06,0.010900056920945644,180,1.0,0.8216160535812378,-0.033588871359825134,0.0,4.691878318786621,0.3404996693134308,0.0009809266775846481,1.7514038290755707e-06,1000000.0,2.0080389976501465,0.044218823313713074,0.0019200941314920783,0.00037815107498317957,2.27763032913208,0.0002174788824049756
